2094
1078
1926
1629
1893
1643
1162
1406
214
2274
2570
376
683
2264
2693
2771
2871
408
455
2676
804
1655
1844
1634
2091
1496
2041
2384
2531
2493
2926
1106
928
2388
1855
1853
965
281
2986
2672
1780
1045
19
1153
601
2763
586
2341
1479
195
190
1616
490
1117
1276
2253
2780
2555
2231
43
2915
1219
2891
172
1983
424
1533
1002
1049
2060
2610
1984
1615
756
1760
947
117
1472
985
860
2893
797
1835
778
1423
2937
2773
520
2491
155
341
1489
691
1980
1524
1051
1286
1822
154
1175
903
2951
1862
2028
1228
306
134
2114
658
2354
373
2818
1062
332
1298
127
23
1160
1773
296
1671
1467
708
2102
2511
1549
2220
941
2898
1786
2627
1232
2922
926
226
2029
2559
2050
441
1514
46
1102
2194
1579
1638
2802
607
1226
1597
1717
2287
417
1489
473
2851
630
83
2865
967
2380
2838
2663
1972
74
2478
2510
2507
1890
171
2825
772
2600
2500
1127
1396
1820
1624
948
445
1887
559
357
2239
1982
1496
1671
636
2574
2500
2892
290
852
503
2235
2689
175
1599
2155
1476
1021
2220
1500
676
1855
1856
2433
1528
2681
312
1270
1625
2818
80
1099
1530
2156
5
754
1893
1033
740
1955
1839
2530
872
2736
2494
2741
1985
2559
977
1979
1671
469
533
1314
2053
769
337
1270
1459
2428
671
1911
1996
1419
875
1135
1655
614
711
994
2712
521
757
2114
1870
2116
206
1703
1200
2184
1847
1399
2936
1089
1355
1271
1481
2363
699
286
1045
2058
339
1586
1727
1002
1486
1810
528
367
201
1143
2949
874
677
1760
1277
2137
1710
1097
847
2706
400
726
2466
996
946
1041
647
769
1163
1422
849
1444
304
424
53
179
2951
362
2020
2769
1510
2700
597
1883
2973
2807
2719
2084
2474
1471
445
240
2499
2300
66
1065
2653
45
891
1770
1227
754
2148
2941
1379
499
1722
2347
1587
1659
1408
1536
1297
1187
2885
951
1119
1892
1531
482
1677
837
2403
1638
2545
1237
1043
2966
201
597
1537
839
1777
2205
353
683
1008
1657
1786
1293
1821
2656
447
815
1015
2417
658
1419
2058
2211
1443
1117
1013
1895
2710
553
1344
2556
714
1886
2634
71
1845
2686
1009
1244
165
1793
2827
2837
2729
573
2641
1830
1662
452
636
1275
2086
1202
2735
223
1075
2026
684
450
2242
2036
2482
917
2466
2668
44
1525
883
1290
2453
762
443
474
560
395
1659
1208
948
256
625
1570
2060
604
1919
1177
2828
45
872
428
1783
2505
955
1091
814
2198
880
2014
1891
1541
2903
2544
851
188
128
1315
1738
720
2125
241
505
1204
1795
2836
2802
1544
1495
1691
2108
2040
2054
1977
1274
2087
1765
2875
981
969
1223
2198
1978
226
1397
1395
1470
2318
1919
1281
534
894
585
693
1796
2244
2353
1343
2899
619
2596
2748
2931
2509
2016
1308
1128
978
2604
2496
2117
1931
2244
394
1558
944
1657
2464
1219
1844
2613
990
2936
955
2084
2543
1185
2468
2774
576
2779
2737
1761
2041
1430
408
2043
256
1942
646
460
2756
1809
1135
2986
1212
1091
1884
1551
122
1965
249
1477
1151
1036
250
1410
515
1333
1521
1270
2697
70
535
2737
2469
2360
517
1410
915
2761
85
1410
2798
829
2866
1846
1665
893
1680
211
2029
1536
642
2172
2336
1605
1742
1048
1022
2155
143
863
2815
2079
167
1514
565
1117
2807
2914
871
394
2924
1520
2087
2782
720
2524
1477
1327
1658
1993
1374
1040
1418
950
2797
2024
2902
784
1611
1095
1178
2610
1622
1380
375
2015
1532
1057
1147
2678
530
936
2192
43
1069
919
172
47
1868
2350
2533
2998
2456
2754
750
2622
1737
2314
1755
815
2799
54
277
1590
2362
783
2122
2083
358
2577
2444
2499
2910
1653
828
944
2883
1004
2163
691
1450
134
2493
44
2200
2792
2370
1992
106
1220
122
1930
2533
459
2997
2564
1822
349
2564
2540
2248
1904
1999
1708
2584
1671
2972
2601
1670
626
1521
2029
186
1747
2814
24
2785
2241
2362
649
123
2485
2960
299
633
1642
2829
459
1656
81
2297
2061
2605
2946
128
2222
2740
496
1996
2148
2833
1387
585
169
2762
2673
2836
2119
2615
358
1601
2445
1455
2143
935
519
1736
583
2402
989
1019
2081
2582
1890
1745
204
2346
684
1086
2924
552
1555
2185
1901
2728
1586
1069
2515
1604
867
223
1117
75
2871
723
135
117
2443
1214
2735
1600
2222
2650
2959
493
2375
682
1737
2938
347
2122
2441
885
1723
2513
364
1833
573
2158
1174
1920
1809
1932
1297
2222
12
2636
2657
1541
2737
1021
2269
2738
2707
459
1416
2644
2983
57
1141
2732
142
716
2401
2285
1489
2621
522
1618
445
2850
1278
774
94
2571
1966
2012
615
2172
2577
1243
2335
395
2165
846
879
656
1208
2406
2088
1156
692
36
674
2287
2657
222
1928
1386
2341
2853
1071
2214
87
361
2540
999
1521
1650
981
808
1427
1764
1975
1476
1259
2277
1095
2342
1035
1127
1989
1582
443
413
1883
1241
2613
371
227
2691
648
134
2990
2700
2284
1053
2081
332
2756
667
561
2436
1330
1226
1879
371
2948
214
2479
345
1876
2555
1002
956
21
155
2612
2524
777
2208
2968
1141
1128
1258
1671
1153
906
150
1303
1519
2910
1148
432
1140
2339
2891
2906
2148
2331
195
2154
1157
2840
70
2435
1465
1310
2188
681
1622
2096
857
745
779
703
1789
2597
769
1917
1873
1612
1019
1968
2609
237
2500
2706
1762
2859
1324
125
1648
1236
774
163
2604
1276
2545
2667
186
159
81
1328
851
1372
105
2563
2531
1605
1632
1737
1192
2306
357
656
2397
837
1992
2082
2595
2928
222
2420
2995
2266
336
1721
1834
1177
121
1959
2905
2194
1714
651
144
420
2340
1224
543
1938
1257
2250
961
2871
1440
1689
45
1891
1307
785
146
1140
2182
2398
2798
1104
263
2341
1707
2798
268
1366
247
749
2685
1022
1046
1340
279
2232
2766
2201
2842
2411
1823
181
2976
1407
2213
740
1379
393
1411
1250
2401
2238
1550
97
1654
1628
1779
40
1791
724
1470
2845
2142
1492
48
114
159
2561
2779
2493
2094
1913
14
2866
1714
1622
1752
868
2082
1823
2682
720
747
1097
742
530
131
2882
1054
2689
1701
2502
1738
2349
1809
658
2274
1641
1407
2806
636
1387
1008
2816
2762
1401
90
2139
1827
478
1222
1215
1372
809
375
1226
1867
286
2472
699
984
1662
2946
23
1225
1738
178
1853
2480
661
756
2500
658
327
1822
1700
1111
1245
850
953
226
2838
1801
2516
60
1241
265
2045
577
1146
219
2795
750
899
2171
987
892
1535
1069
1055
1966
2898
2536
1637
76
2036
370
2192
1458
2012
2456
1421
544
1089
2504
1068
1014
1636
1613
1582
547
649
662
2565
514
1908
2668
335
1434
1889
2141
2364
2097
308
1634
2431
972
478
1809
2850
1805
841
2992
2937
1914
523
2815
1881
878
1974
32
2993
614
1888
1742
2630
2426
2726
1527
2181
1645
419
2016
2250
2675
2791
1379
1573
15
2050
2911
284
622
1288
1301
2107
1843
1919
530
1680
888
1899
2014
2859
1966
1866
855
2002
2313
1947
2522
2044
842
2554
48
1539
42
894
1105
1260
264
2508
608
2419
880
2476
299
2831
361
2929
2669
1580
496
799
201
616
1846
84
2285
2645
995
48
2297
653
2125
1489
2715
2076
2913
1039
1880
2431
588
1127
2760
162
2399
1875
807
895
509
2886
2316
1531
2987
2038
2928
1058
2723
154
1716
2955
1884
2426
2471
1542
1681
2933
1299
2513
1532
1957
1307
2642
623
2712
1283
2151
1207
2168
1780
65
2558
1658
1842
687
91
1372
852
223
1616
231
1128
1983
848
315
168
1033
2235
1474
301
485
1495
2020
158
2281
1693
722
93
556
2965
2271
950
24
910
2968
1021
2661
2838
333
2867
2098
1243
2071
605
1174
124
1785
2865
1893
1942
2083
2685
1518
1015
2841
366
769
865
2602
1706
318
515
2516
458
1352
2618
1021
1688
241
1975
629
2921
2471
262
1311
2174
1308
2674
1254
1733
139
2320
2948
2791
2886
558
870
1606
749
2319
1283
2061
89
983
1555
1060
1062
1302
1404
758
2742
402
1624
1472
2739
397
75
1673
2956
64
1552
881
113
2379
1386
663
2746
930
1920
1778
2433
501
538
1004
2712
1644
1080
1862
573
189
2002
2460
130
2884
1074
2503
1608
605
102
48
220
1129
1329
1383
410
1035
2377
1817
1166
1782
2331
1895
825
693
98
1225
896
2622
687
286
2489
284
2891
1958
2063
2583
2647
1983
173
1226
1444
761
1958
2993
1127
102
1714
189
1644
832
2237
1806
1539
1105
634
1860
384
1329
1773
1377
540
1072
2870
414
73
1265
474
65
1459
606
763
2072
554
142
951
1292
36
640
502
373
2248
146
2981
1470
332
362
1935
1373
2295
1896
1579
538
2307
287
1249
872
1667
1303
2662
1469
227
384
1880
1146
2068
204
571
2911
2366
609
49
2551
2720
1737
1680
2674
523
1521
173
2061
668
2483
646
2819
1657
791
2253
1470
571
2965
977
798
2545
280
1903
1765
2093
999
1013
2404
776
2517
1847
1766
176
1707
2363
7
1066
783
1390
1624
1923
2452
2401
1122
1264
2165
2511
540
2237
910
2253
1203
1138
2698
284
2492
2490
2723
1395
1881
2429
2553
1436
2126
806
1170
65
160
1062
690
1672
1129
2359
1207
74
2106
197
2516
217
349
630
2416
1247
2901
67
482
1707
1996
6
428
1127
1441
27
2273
1533
2285
1739
635
536
2760
628
2525
2110
2933
1420
1554
1771
1550
996
2977
393
1109
1874
854
2179
2401
830
14
1137
145
1814
2590
1790
1664
485
1015
1685
1365
598
2386
2370
2661
1222
141
165
1032
2255
1344
2856
1309
2129
2023
282
1570
500
1739
1213
1772
2856
2743
1297
2543
2325
2412
171
842
103
114
2576
2219
232
2011
2644
67
2977
965
1720
1965
116
2181
1447
2208
721
610
609
566
1624
2357
2400
2904
1406
955
2760
305
688
1748
692
2836
2196
699
1339
1946
1624
2050
1330
1564
1650
1314
2123
2321
2534
1836
402
1324
1318
471
2624
1086
2243
2430
1265
2131
42
965
688
1108
746
104
811
1152
1330
952
2033
1095
2032
2787
447
253
1107
1055
1330
848
2042
2131
14
2966
2101
353
2957
829
1881
2244
444
368
226
1418
1135
2291
1032
2214
2173
1708
1196
1429
374
1902
4
1218
2000
2003
2498
2760
921
349
2019
524
2951
2785
891
421
196
280
2525
1809
2669
2131
2640
445
1641
587
574
2152
566
1867
2798
645
742
2786
2289
1755
818
449
2417
2914
2573
597
2142
876
913
81
314
1950
2791
2739
1212
18
2807
785
1362
1330
32
2144
735
851
1433
1457
340
500
1270
1832
1603
1401
358
250
422
1664
1457
2379
2550
1919
2471
346
112
2296
532
2937
1545
2603
1008
1380
2282
1502
1234
2469
1871
1219
1852
1658
10
30
265
60
2005
2186
1019
2133
172
927
154
2749
264
2785
975
1000
2727
1048
1742
951
217
2376
2378
954
670
1213
1626
543
1667
2412
1945
1978
1468
1816
1235
2201
2963
2488
628
547
1214
1626
2323
684
2727
1766
2707
2311
1629
2337
2994
2417
2351
1277
177
766
985
489
2300
2626
287
2250
933
2046
2046
2478
2561
2452
2954
440
972
473
642
1101
2000
2087
2896
2610
2688
972
548
2024
2306
802
1424
461
2011
532
1126
2000
389
1641
1558
2489
2508
2192
1076
2363
1102
2137
1286
2871
1816
2716
2683
245
301
776
1454
809
2729
2690
818
1944
804
2447
2488
2734
363
2008
1995
430
120
2722
2973
2645
2193
1446
802
915
934
347
1290
1671
2708
54
2332
749
454
452
278
2127
2908
492
737
14
1451
1732
969
315
2188
566
1075
1246
2649
2102
2367
1617
1329
1019
1604
459
373
439
779
1245
2163
821
1811
1138
776
1735
1915
2063
1923
456
799
2637
2060
2532
186
175
2499
418
1442
1260
2029
348
1176
1811
2504
1315
2622
1494
1592
969
1532
2253
2163
1572
1411
1967
1790
164
2722
2855
2299
2738
2071
1857
1618
2860
2077
1543
59
185
35
1061
894
2814
2150
1461
2850
210
933
1464
650
1964
922
266
150
1663
1112
1697
2293
1152
831
1113
1175
28
2660
2686
1945
568
302
1624
2074
2814
2652
1996
1938
2200
1506
2165
27
373
363
742
1879
749
2752
1426
105
2555
2702
2434
2335
1430
1493
115
1461
1723
2876
1954
2205
1051
2506
2892
2874
1493
1072
2030
2157
2696
1851
2149
2942
1798
141
2211
2796
808
2291
1120
2471
1554
1313
169
1490
1747
368
1207
2759
1052
706
550
1267
1018
1813
608
2064
858
1979
1390
825
1688
1883
154
2752
1627
2903
1460
195
2088
38
495
454
1530
1292
2535
1754
1059
2302
274
2602
26
1626
384
2806
905
2562
1552
1608
2545
2833
2848
900
2292
342
1464
2077
1399
590
1828
1539
458
646
2405
1224
230
125
1058
2897
433
224
1080
218
1353
1096
1027
906
2355
390
568
22
798
2590
2385
313
1985
1977
2083
777
2366
1924
640
2109
2490
854
1588
2330
2809
2703
2518
349
2395
1012
2445
1251
2061
2200
2588
2108
293
308
2444
1861
662
150
596
2821
755
1743
2767
1831
2948
1798
2939
1871
155
875
177
2000
1970
2222
326
1281
1458
1950
877
1720
1898
2269
2462
2006
1170
2016
1951
1019
1579
1525
782
1450
1062
2101
2960
2373
2061
1057
945
451
202
33
2440
2606
2298
1318
1494
521
2389
2313
1980
1878
1980
2653
2014
598
344
1864
407
2962
579
2735
610
1614
1557
231
770
1285
1422
295
1831
64
1274
2610
1309
2303
574
1772
1555
1322
1238
2266
1797
2657
1624
2819
783
2712
2736
1389
502
670
2865
2608
980
61
2021
64
904
788
482
134
752
1903
2233
549
980
2072
2339
2674
1128
1599
1882
2652
2158
1309
777
1547
973
702
2281
2686
2010
2389
993
2068
1225
1897
2058
1644
1464
757
2340
1432
2368
598
2160
52
409
1469
956
885
2385
2788
1676
916
193
693
1523
273
525
1886
2885
2413
2941
553
1864
327
2172
2992
247
824
1412
2382
1178
2107
2100
2320
166
1748
176
1114
700
473
755
1118
2385
973
212
111
2
297
706
1715
993
1390
2804
1703
1832
2270
474
557
2225
2656
482
2977
1479
2353
2984
353
277
2704
1301
2202
2697
2386
802
2031
2581
2452
2041
1373
2290
1607
2992
2914
505
1014
556
51
287
2627
2446
1405
811
639
1940
1363
2720
824
1262
2382
2186
1940
611
2867
2063
2052
2656
2718
1187
533
77
124
1399
328
2820
2598
1104
264
2775
2497
1919
403
60
2090
899
1962
903
2344
2087
987
2821
66
624
1670
1176
2671
2416
28
1148
1692
2456
1858
1860
1047
2590
1206
1922
1003
2186
521
2522
301
2238
1202
1561
2730
2610
244
47
1747
2890
2773
2870
2505
589
2159
46
251
2601
108
1535
2766
2072
1458
2298
1732
449
2598
2884
2549
2253
1805
8
2442
1127
1285
1472
833
2223
625
1328
2866
771
2836
199
2287
2362
1677
2195
1570
1847
2489
831
2313
1334
271
715
1661
582
1084
1649
1809
1899
1711
1727
805
1055
2230
2934
1841
2540
1007
750
2159
320
1443
1307
665
2222
1524
1521
2602
765
448
1079
1969
543
2741
1955
1567
472
1228
1226
274
2105
1107
2618
1122
2624
1850
1486
2120
2734
2688
973
359
2948
2797
1231
2722
347
2383
757
2397
1383
2067
220
576
2095
1369
2958
558
307
1731
1301
1860
458
1246
1396
1964
128
2134
2477
2593
2752
2400
1896
2781
2052
832
662
374
414
1171
1795
1696
2145
1487
265
1164
2313
975
2039
2309
1404
1203
1462
1971
1395
1988
347
1201
385
1196
1157
993
2727
2444
1861
2151
1146
1479
813
2658
338
1980
2095
2279
927
1145
467
1736
586
626
348
1034
333
2209
255
1004
1080
256
849
1515
1697
1378
1165
1354
1063
271
638
2519
283
2878
351
1441
108
501
1925
1741
1502
1531
1981
2168
406
1167
263
2103
668
2818
1175
2594
1117
1790
1908
2079
2971
474
94
882
60
1822
2985
2754
1388
1841
65
831
2360
378
2848
832
1016
2411
1579
385
2304
2521
1086
913
2779
2120
687
2769
2029
300
2710
1824
315
1226
1998
1132
329
2492
2632
828
928
1660
429
1416
1449
1280
822
2338
2979
2091
1618
1638
1229
2949
2259
2939
128
1560
509
198
2092
1331
764
348
918
1996
2625
1141
2747
134
2840
208
2563
987
2850
385
1620
178
1242
112
850
2153
2533
1715
1040
966
2291
91
30
2583
1557
876
1528
2418
2378
157
2870
950
1042
928
2733
1112
93
2812
369
1890
1505
829
2501
13
711
2181
1601
2640
465
196
2039
273
802
955
786
439
2378
1727
1635
2586
644
1808
393
1715
1301
1961
1940
